8c087ff4
8c097ff8
01096822
000d682a
11a00003
210e0000
21280000
21c90000
210affff
01480019
00005812
000b5842
212a0001
01490019
00006012
000c6042
018b6022
ac0c7ff0
08000c00
00000000
00000000
00000000
00000000
00000000
00000000
00000000
00000000
00000000
00000000
00000000
00000000
00000000
00000000
00000000
00000000
00000000
00000000
00000000
00000000
00000000
00000000
00000000
00000000
00000000
00000000
00000000
00000000
00000000
00000000
00000000
00000000
00000000
00000000
00000000
00000000
00000000
00000000
00000000
00000000
00000000
00000000
00000000
00000000
00000000